38,12
38,11
36,72
36,71
36,70
36,69
36,68
36,67
36,66
36,15
36,14
36,13
36,12
36,11
36,10
36,9
36,8
36,6
36,5
36,4
36,2
35,4
35,3
35,2
35,1
35,0
34,8
34,7
34,6
34,5
34,4
34,3
34,2
34,1
34,0
33,5
33,4
33,3
33,2
33,1
33,0
32,4
32,3
32,2
32,1
32,0
31,5
31,4
31,3
31,2
31,1
31,0
30,5
30,4
30,3
30,2
30,1
30,0
29,5
29,4
29,3
29,2
29,1
29,0
28,5
28,4
28,3
28,2
28,1
28,0
27,6
27,5
27,4
27,3
27,2
27,1
27,0
4,3
4,2
4,1
4,0
3,6
3,5
3,4
3,3
3,2
3,1
3,0
2,5
2,4
2,3
2,2
2,1
2,0
1,3
1,2
1,1
1,0
0,447
0,446
0,444
0,442
0,440
0,437
0,411
0,408
0,375
0,371
0,362
0,360
0,358
0,355
0,348
0,330
0,324
0,322
0,321
0,319
0,314
0,243
36,1
36,7
36,3
36,0
0,9
0,310
0,305
0,308
0,304
0,303
0,302
0,307
0,12
0,10
0,8
0,0
0,300
0,299
0,341
0,298
0,388
0,297
0,344
0,296
0,425
0,295
0,306
0,294
0,370
0,293
0,309
0,292
0,419
0,291
0,445
0,290
0,413
0,289
0,333
0,288
0,345
0,287
0,335
0,286
0,340
0,285
0,387
0,284
0,376
0,283
0,374
0,282
0,342
0,281
0,415
0,280
0,327
0,279
0,443
0,278
0,420
0,277
36,16
36,17
36,19
36,20
36,22
36,23
36,25
36,27
36,28
36,30
36,31
36,33
36,35
36,36
36,64
36,65
37,1
37,2
37,4
38,0
38,1
38,3
38,4
38,6
38,8
38,9
38,10
38,7
38,5
38,2
37,5
37,3
37,0
36,37
36,34
36,32
36,29
36,26
36,24
36,21
36,18
0,423
0,276
0,331
0,275
0,325
0,274
0,328
0,273
0,320
0,272
0,435
0,271
0,441
0,270
0,301
0,269
0,401
0,268
0,354
0,267
0,424
0,266
0,338
0,265
0,433
0,264
0,409
0,263
0,262
0,261
0,434
0,260
0,353
0,259
0,407
0,258
0,405
0,257
0,422
0,256
0,369
0,255
0,317
0,254
0,253
0,399
0,252
0,356
0,251
0,403
0,250
0,249
0,368
0,248
0,396
0,247
0,379
0,246
0,323
0,245
0,384
0,244
0,432
0,242
0,316
0,241
0,397
0,240
0,377
0,239
0,339
0,238
0,391
0,237
0,337
0,236
0,421
0,235
0,410
0,234
0,363
0,233
0,436
0,232
0,418
0,231
0,417
0,230
0,402
0,229
0,334
0,228
0,416
0,227
0,404
0,226
0,398
0,225
0,352
0,224
0,336
0,223
0,346
0,222
0,400
0,221
0,372
0,220
0,373
0,219
0,366
0,218
0,386
0,217
0,357
0,216
0,414
0,215
0,428
0,214
0,395
0,213
0,318
0,212
0,412
0,211
0,332
0,210
0,390
0,209
0,329
0,208
0,347
0,207
0,326
0,206
0,367
0,205
0,393
0,204
0,431
0,203
0,438
0,202
0,389
0,201
0,385
0,200
0,365
0,199
0,430
0,198
0,364
0,197
0,382
0,196
0,195
0,429
0,194
0,315
0,193
0,383
0,192
0,351
0,63
0,349
0,62
0,361
0,61
0,312
0,60
0,311
0,59
0,58
0,359
0,57
0,427
0,56
0,381
0,55
0,378
0,54
0,343
0,53
0,426
0,52
0,394
0,51
0,406
0,50
0,380
0,49
0,48
0,350
0,47
0,392
0,46
0,313
0,45
0,439
0,6
0,5
0,1
0,11
0,4
0,2
0,3
0,7
